0
0
0
0
0
0
0
0
0
0
0
0
0
0
0
0
0
0
0
0
0
0
0
0
0
0
0
0
0
0
0
0
0
0
0
0
0
0
0
0
0
0
0
0
0
0
0
0
0
0
0
0
0
0
0
0
0
0
0
0
0
0
0
0
0
0
0
0
0
0
0
0
0
0
0
0
0
0
0
0
0
0
0
0
0
0
0
0
0
0
0
0
0
0
0
0
1
1
1
1
1
2
2
1
0
0
0
0
0
0
0
0
0
0
0
0
0
0
0
0
0
1
2
4
8
13
15
25
26
25
24
19
15
7
3
0
0
0
0
0
0
0
0
0
0
0
0
0
1
3
5
13
16
27
32
40
45
45
38
34
28
14
9
4
1
1
0
0
0
0
0
0
0
0
0
1
5
7
12
16
27
33
45
47
49
48
46
45
38
29
18
8
2
1
0
0
0
0
0
0
0
0
0
3
7
13
18
24
39
45
48
47
43
45
45
46
45
39
29
14
6
2
0
0
0
0
0
0
0
0
2
6
9
19
22
36
41
44
45
42
37
40
44
43
46
44
36
22
9
4
0
0
0
0
0
0
0
0
3
9
16
22
32
43
42
40
38
31
24
26
32
38
42
41
37
28
15
5
0
0
0
0
0
0
0
0
7
13
22
25
39
43
40
34
30
24
18
17
20
30
37
40
38
34
23
7
0
0
0
0
0
0
0
0
10
18
24
34
43
38
37
29
25
14
12
10
14
22
30
38
36
37
28
11
1
1
0
0
0
0
0
1
13
23
31
41
41
34
28
25
17
8
5
5
13
17
22
36
38
37
30
13
1
1
0
0
0
0
0
1
15
27
36
40
39
33
25
17
11
3
2
2
8
13
19
36
41
36
30
15
1
1
0
0
0
0
0
2
19
31
38
42
36
24
17
9
2
2
1
1
7
14
22
37
40
35
30
15
0
0
0
0
0
0
0
3
23
34
41
41
37
20
13
3
0
0
0
0
7
18
26
39
38
35
28
14
0
0
0
0
0
0
0
4
26
35
45
41
34
17
10
3
0
0
0
1
9
22
32
41
39
32
23
14
0
0
0
0
0
0
0
6
26
36
45
41
30
18
7
3
1
1
6
8
20
29
36
41
36
27
18
9
0
0
0
0
0
0
0
7
24
37
46
44
32
23
9
4
4
5
10
21
29
32
41
38
31
20
14
7
0
0
0
0
0
0
0
6
21
33
43
46
38
29
20
18
16
18
24
31
36
39
39
36
26
18
8
5
0
0
0
0
0
0
0
4
19
30
41
48
46
41
36
35
34
36
39
39
40
43
36
28
21
14
8
0
1
1
0
0
0
0
0
2
8
24
36
45
47
48
48
44
43
42
43
43
42
36
27
19
14
8
3
0
1
1
0
0
0
0
0
2
3
13
26
37
44
47
48
48
47
45
44
41
36
27
18
12
8
3
0
0
1
1
0
0
0
0
0
1
2
5
12
24
31
39
39
40
40
40
35
28
20
14
9
3
2
1
0
0
0
0
0
0
0
0
0
0
0
2
2
3
6
9
11
12
12
12
10
8
7
4
2
0
0
0
0
0
0
0
0
0
0
0
0
0
0
0
0
0
0
0
0
0
0
0
0
0
0
0
0
0
0
0
0
0
0
0
0
0
0
0
0
0
0
0
0
0
0
0
0
0
0
0
0
0
0
0
0
0
0
0
0
0
0
0
0
0
0
0
0
0
0
0
0
0
0
0
0
0
0
0
0
0
0
0
0
0
0
0
0
0
0
0
0
