0 0 1
0 0 1
0 0 1
0 0 1
0 0 1
0 0 1
0 0 1
0 0 1
0 0 1
0 0 1
0 0 1
0 0 1
0 0 1
0 0 1
0 0 1
0 0 1
0 0 1
0 0 1
0 0 1
0 0 1
0 0 1
0 0 1
0 0 1
0 0 1
0 0 1
0 0 1
0 0 1
0 0 1
0 0 1
0 8 0
0 0 1
0 0 1
0 0 1
0 0 1
0 0 1
0 0 1
0 0 1
0 5 0
0 0 1
0 0 1
0 0 1
0 8 0
0 0 1
0 0 1
0 0 1
0 8 0
0 0 1
0 0 1
0 0 1
0 0 1
1 1 1
1 1 1
1 1 1
1 1 1
1 1 1
1 1 1
1 1 1
1 1 1
1 5 0
1 1 1
1 1 1
1 1 1
1 1 1
1 1 1
1 1 1
1 1 1
1 1 1
1 1 1
1 1 1
1 1 1
1 1 1
1 1 1
1 1 1
1 1 1
1 1 1
1 1 1
1 1 1
1 1 1
1 1 1
1 1 1
1 1 1
1 1 1
1 1 1
1 1 1
1 1 1
1 1 1
1 1 1
1 1 1
1 1 1
1 1 1
1 1 1
1 1 1
1 1 1
1 1 1
1 1 1
1 1 1
1 1 1
1 1 1
1 1 1
1 1 1
2 2 1
2 2 1
2 2 1
2 2 1
2 2 1
2 2 1
2 7 0
2 2 1
2 2 1
2 7 0
2 2 1
2 2 1
2 2 1
2 2 1
2 2 1
2 2 1
2 2 1
2 2 1
2 2 1
2 2 1
2 2 1
2 2 1
2 1 0
2 1 0
2 2 1
2 2 1
2 2 1
2 2 1
2 2 1
2 2 1
2 2 1
2 2 1
2 2 1
2 2 1
2 3 0
2 9 0
2 2 1
2 2 1
2 7 0
2 2 1
2 2 1
2 2 1
2 2 1
2 2 1
2 2 1
2 8 0
2 2 1
2 3 0
2 2 1
2 8 0
3 2 0
3 3 1
3 3 1
3 3 1
3 3 1
3 2 0
3 3 1
3 3 1
3 3 1
3 3 1
3 3 1
3 5 0
3 3 1
3 3 1
3 0 0
3 5 0
3 2 0
3 3 1
3 1 0
3 3 1
3 3 1
3 3 1
3 5 0
3 3 1
3 3 1
3 3 1
3 3 1
3 3 1
3 3 1
3 3 1
3 3 1
3 9 0
3 3 1
3 7 0
3 3 1
3 3 1
3 3 1
3 3 1
3 3 1
3 3 1
3 3 1
3 3 1
3 2 0
3 8 0
3 3 1
3 3 1
3 3 1
3 5 0
3 9 0
3 3 1
4 4 1
4 4 1
4 4 1
4 4 1
4 4 1
4 0 0
4 4 1
4 4 1
4 4 1
4 4 1
4 9 0
4 4 1
4 4 1
4 4 1
4 4 1
4 4 1
4 9 0
4 9 0
4 4 1
4 6 0
4 4 1
4 9 0
4 4 1
4 4 1
4 4 1
4 9 0
4 9 0
4 9 0
4 4 1
4 9 0
4 4 1
4 6 0
4 4 1
4 9 0
4 4 1
4 4 1
4 4 1
4 5 0
4 9 0
4 4 1
4 9 0
4 4 1
4 9 0
4 4 1
4 4 1
4 4 1
4 4 1
4 4 1
4 4 1
4 4 1
5 4 0
5 5 1
5 5 1
5 5 1
5 5 1
5 3 0
5 5 1
5 5 1
5 3 0
5 5 1
5 5 1
5 5 1
5 5 1
5 5 1
5 5 1
5 5 1
5 3 0
5 5 1
5 5 1
5 3 0
5 5 1
5 9 0
5 7 0
5 5 1
5 3 0
5 5 1
5 5 1
5 5 1
5 5 1
5 5 1
5 0 0
5 5 1
5 5 1
5 8 0
5 3 0
5 0 0
5 3 0
5 5 1
5 3 0
5 5 1
5 5 1
5 3 0
5 0 0
5 3 0
5 8 0
5 9 0
5 3 0
5 5 1
5 7 0
5 3 0
6 2 0
6 6 1
6 4 0
6 6 1
6 2 0
6 2 0
6 6 1
6 6 1
6 6 1
6 6 1
6 6 1
6 6 1
6 6 1
6 6 1
6 6 1
6 6 1
6 6 1
6 6 1
6 6 1
6 6 1
6 6 1
6 5 0
6 0 0
6 6 1
6 5 0
6 6 1
6 4 0
6 6 1
6 6 1
6 6 1
6 6 1
6 6 1
6 6 1
6 6 1
6 6 1
6 0 0
6 6 1
6 5 0
6 6 1
6 6 1
6 6 1
6 6 1
6 6 1
6 5 0
6 2 0
6 6 1
6 6 1
6 4 0
6 1 0
6 6 1
7 7 1
7 7 1
7 7 1
7 7 1
7 7 1
7 7 1
7 7 1
7 7 1
7 7 1
7 7 1
7 7 1
7 9 0
7 7 1
7 7 1
7 7 1
7 1 0
7 9 0
7 7 1
7 7 1
7 2 0
7 7 1
7 7 1
7 8 0
7 1 0
7 9 0
7 7 1
7 7 1
7 9 0
7 4 0
7 7 1
7 9 0
7 7 1
7 7 1
7 1 0
7 4 0
7 9 0
7 7 1
7 7 1
7 9 0
7 7 1
7 7 1
7 7 1
7 9 0
7 7 1
7 7 1
7 7 1
7 8 0
7 7 1
7 7 1
7 7 1
8 8 1
8 8 1
8 8 1
8 8 1
8 8 1
8 8 1
8 9 0
8 8 1
8 8 1
8 8 1
8 8 1
8 8 1
8 9 0
8 8 1
8 1 0
8 8 1
8 8 1
8 3 0
8 8 1
8 4 0
8 8 1
8 0 0
8 5 0
8 8 1
8 8 1
8 9 0
8 8 1
8 8 1
8 9 0
8 9 0
8 8 1
8 9 0
8 8 1
8 9 0
8 8 1
8 8 1
8 8 1
8 8 1
8 9 0
8 2 0
8 8 1
8 0 0
8 8 1
8 1 0
8 5 0
8 6 0
8 8 1
8 9 0
8 8 1
8 5 0
9 9 1
9 7 0
9 9 1
9 9 1
9 9 1
9 9 1
9 9 1
9 8 0
9 9 1
9 8 0
9 9 1
9 4 0
9 9 1
9 9 1
9 9 1
9 9 1
9 9 1
9 9 1
9 4 0
9 9 1
9 9 1
9 9 1
9 9 1
9 9 1
9 9 1
9 9 1
9 3 0
9 9 1
9 9 1
9 9 1
9 9 1
9 9 1
9 9 1
9 9 1
9 9 1
9 1 0
9 9 1
9 9 1
9 9 1
9 9 1
9 9 1
9 9 1
9 9 1
9 9 1
9 9 1
9 9 1
9 8 0
9 9 1
9 9 1
9 3 0
